0.019588146659969864 0.03415369161225515 0.04419889502762431 0.047212456052235056 0.027122049221496736 0.029633350075339026 0.02812656956303365 0.009542943244600702 0.022099447513812154 0.021597187343043698 0.022601707684580613 0.025615268709191362 0.024108488196885988 0.047212456052235056 0.0873932697137117 0.03465595178302361 0.029633350075339026
0.03415369161225515 0.04419889502762431 0.047212456052235056 0.027122049221496736 0.029633350075339026 0.02812656956303365 0.009542943244600702 0.022099447513812154 0.021597187343043698 0.022601707684580613 0.025615268709191362 0.024108488196885988 0.047212456052235056 0.0873932697137117 0.03465595178302361 0.029633350075339026 0.029131089904570567
0.04419889502762431 0.047212456052235056 0.027122049221496736 0.029633350075339026 0.02812656956303365 0.009542943244600702 0.022099447513812154 0.021597187343043698 0.022601707684580613 0.025615268709191362 0.024108488196885988 0.047212456052235056 0.0873932697137117 0.03465595178302361 0.029633350075339026 0.029131089904570567 0.027122049221496736
0.047212456052235056 0.027122049221496736 0.029633350075339026 0.02812656956303365 0.009542943244600702 0.022099447513812154 0.021597187343043698 0.022601707684580613 0.025615268709191362 0.024108488196885988 0.047212456052235056 0.0873932697137117 0.03465595178302361 0.029633350075339026 0.029131089904570567 0.027122049221496736 0.03666499246609744
0.027122049221496736 0.029633350075339026 0.02812656956303365 0.009542943244600702 0.022099447513812154 0.021597187343043698 0.022601707684580613 0.025615268709191362 0.024108488196885988 0.047212456052235056 0.0873932697137117 0.03465595178302361 0.029633350075339026 0.029131089904570567 0.027122049221496736 0.03666499246609744 0.05424409844299347
0.029633350075339026 0.02812656956303365 0.009542943244600702 0.022099447513812154 0.021597187343043698 0.022601707684580613 0.025615268709191362 0.024108488196885988 0.047212456052235056 0.0873932697137117 0.03465595178302361 0.029633350075339026 0.029131089904570567 0.027122049221496736 0.03666499246609744 0.05424409844299347 0.049723756906077346
0.02812656956303365 0.009542943244600702 0.022099447513812154 0.021597187343043698 0.022601707684580613 0.025615268709191362 0.024108488196885988 0.047212456052235056 0.0873932697137117 0.03465595178302361 0.029633350075339026 0.029131089904570567 0.027122049221496736 0.03666499246609744 0.05424409844299347 0.049723756906077346 0.07533902561526871
0.009542943244600702 0.022099447513812154 0.021597187343043698 0.022601707684580613 0.025615268709191362 0.024108488196885988 0.047212456052235056 0.0873932697137117 0.03465595178302361 0.029633350075339026 0.029131089904570567 0.027122049221496736 0.03666499246609744 0.05424409844299347 0.049723756906077346 0.07533902561526871 0.05876443997990959
0.022099447513812154 0.021597187343043698 0.022601707684580613 0.025615268709191362 0.024108488196885988 0.047212456052235056 0.0873932697137117 0.03465595178302361 0.029633350075339026 0.029131089904570567 0.027122049221496736 0.03666499246609744 0.05424409844299347 0.049723756906077346 0.07533902561526871 0.05876443997990959 0.047212456052235056
0.021597187343043698 0.022601707684580613 0.025615268709191362 0.024108488196885988 0.047212456052235056 0.0873932697137117 0.03465595178302361 0.029633350075339026 0.029131089904570567 0.027122049221496736 0.03666499246609744 0.05424409844299347 0.049723756906077346 0.07533902561526871 0.05876443997990959 0.047212456052235056 0.045705675539929685
0.022601707684580613 0.025615268709191362 0.024108488196885988 0.047212456052235056 0.0873932697137117 0.03465595178302361 0.029633350075339026 0.029131089904570567 0.027122049221496736 0.03666499246609744 0.05424409844299347 0.049723756906077346 0.07533902561526871 0.05876443997990959 0.047212456052235056 0.045705675539929685 0.051230537418382724
0.025615268709191362 0.024108488196885988 0.047212456052235056 0.0873932697137117 0.03465595178302361 0.029633350075339026 0.029131089904570567 0.027122049221496736 0.03666499246609744 0.05424409844299347 0.049723756906077346 0.07533902561526871 0.05876443997990959 0.047212456052235056 0.045705675539929685 0.051230537418382724 0.053741838272225013
0.024108488196885988 0.047212456052235056 0.0873932697137117 0.03465595178302361 0.029633350075339026 0.029131089904570567 0.027122049221496736 0.03666499246609744 0.05424409844299347 0.049723756906077346 0.07533902561526871 0.05876443997990959 0.047212456052235056 0.045705675539929685 0.051230537418382724 0.053741838272225013 0.07885484681064792
0.047212456052235056 0.0873932697137117 0.03465595178302361 0.029633350075339026 0.029131089904570567 0.027122049221496736 0.03666499246609744 0.05424409844299347 0.049723756906077346 0.07533902561526871 0.05876443997990959 0.047212456052235056 0.045705675539929685 0.051230537418382724 0.053741838272225013 0.07885484681064792 0.0838774485183325
0.0873932697137117 0.03465595178302361 0.029633350075339026 0.029131089904570567 0.027122049221496736 0.03666499246609744 0.05424409844299347 0.049723756906077346 0.07533902561526871 0.05876443997990959 0.047212456052235056 0.045705675539929685 0.051230537418382724 0.053741838272225013 0.07885484681064792 0.0838774485183325 0.08136614766449021
0.03465595178302361 0.029633350075339026 0.029131089904570567 0.027122049221496736 0.03666499246609744 0.05424409844299347 0.049723756906077346 0.07533902561526871 0.05876443997990959 0.047212456052235056 0.045705675539929685 0.051230537418382724 0.053741838272225013 0.07885484681064792 0.0838774485183325 0.08136614766449021 0.1125062782521346
0.029633350075339026 0.029131089904570567 0.027122049221496736 0.03666499246609744 0.05424409844299347 0.049723756906077346 0.07533902561526871 0.05876443997990959 0.047212456052235056 0.045705675539929685 0.051230537418382724 0.053741838272225013 0.07885484681064792 0.0838774485183325 0.08136614766449021 0.1125062782521346 0.14515318935208438
0.029131089904570567 0.027122049221496736 0.03666499246609744 0.05424409844299347 0.049723756906077346 0.07533902561526871 0.05876443997990959 0.047212456052235056 0.045705675539929685 0.051230537418382724 0.053741838272225013 0.07885484681064792 0.0838774485183325 0.08136614766449021 0.1125062782521346 0.14515318935208438 0.22149673530889
0.027122049221496736 0.03666499246609744 0.05424409844299347 0.049723756906077346 0.07533902561526871 0.05876443997990959 0.047212456052235056 0.045705675539929685 0.051230537418382724 0.053741838272225013 0.07885484681064792 0.0838774485183325 0.08136614766449021 0.1125062782521346 0.14515318935208438 0.22149673530889 0.688598694123556
0.03666499246609744 0.05424409844299347 0.049723756906077346 0.07533902561526871 0.05876443997990959 0.047212456052235056 0.045705675539929685 0.051230537418382724 0.053741838272225013 0.07885484681064792 0.0838774485183325 0.08136614766449021 0.1125062782521346 0.14515318935208438 0.22149673530889 0.688598694123556 1.0
0.05424409844299347 0.049723756906077346 0.07533902561526871 0.05876443997990959 0.047212456052235056 0.045705675539929685 0.051230537418382724 0.053741838272225013 0.07885484681064792 0.0838774485183325 0.08136614766449021 0.1125062782521346 0.14515318935208438 0.22149673530889 0.688598694123556 1.0 0.014063284781516826
0.049723756906077346 0.07533902561526871 0.05876443997990959 0.047212456052235056 0.045705675539929685 0.051230537418382724 0.053741838272225013 0.07885484681064792 0.0838774485183325 0.08136614766449021 0.1125062782521346 0.14515318935208438 0.22149673530889 0.688598694123556 1.0 0.014063284781516826 0.01757910597689603
0.07533902561526871 0.05876443997990959 0.047212456052235056 0.045705675539929685 0.051230537418382724 0.053741838272225013 0.07885484681064792 0.0838774485183325 0.08136614766449021 0.1125062782521346 0.14515318935208438 0.22149673530889 0.688598694123556 1.0 0.014063284781516826 0.01757910597689603 0.013058764439979909
0.05876443997990959 0.047212456052235056 0.045705675539929685 0.051230537418382724 0.053741838272225013 0.07885484681064792 0.0838774485183325 0.08136614766449021 0.1125062782521346 0.14515318935208438 0.22149673530889 0.688598694123556 1.0 0.014063284781516826 0.01757910597689603 0.013058764439979909 0.013058764439979909
0.047212456052235056 0.045705675539929685 0.051230537418382724 0.053741838272225013 0.07885484681064792 0.0838774485183325 0.08136614766449021 0.1125062782521346 0.14515318935208438 0.22149673530889 0.688598694123556 1.0 0.014063284781516826 0.01757910597689603 0.013058764439979909 0.013058764439979909 0.026619789050728277
0.045705675539929685 0.051230537418382724 0.053741838272225013 0.07885484681064792 0.0838774485183325 0.08136614766449021 0.1125062782521346 0.14515318935208438 0.22149673530889 0.688598694123556 1.0 0.014063284781516826 0.01757910597689603 0.013058764439979909 0.013058764439979909 0.026619789050728277 0.01858362631843295
0.051230537418382724 0.053741838272225013 0.07885484681064792 0.0838774485183325 0.08136614766449021 0.1125062782521346 0.14515318935208438 0.22149673530889 0.688598694123556 1.0 0.014063284781516826 0.01757910597689603 0.013058764439979909 0.013058764439979909 0.026619789050728277 0.01858362631843295 0.013561024610748368
0.053741838272225013 0.07885484681064792 0.0838774485183325 0.08136614766449021 0.1125062782521346 0.14515318935208438 0.22149673530889 0.688598694123556 1.0 0.014063284781516826 0.01757910597689603 0.013058764439979909 0.013058764439979909 0.026619789050728277 0.01858362631843295 0.013561024610748368 0.026619789050728277
0.07885484681064792 0.0838774485183325 0.08136614766449021 0.1125062782521346 0.14515318935208438 0.22149673530889 0.688598694123556 1.0 0.014063284781516826 0.01757910597689603 0.013058764439979909 0.013058764439979909 0.026619789050728277 0.01858362631843295 0.013561024610748368 0.026619789050728277 0.012054244098442994
0.0838774485183325 0.08136614766449021 0.1125062782521346 0.14515318935208438 0.22149673530889 0.688598694123556 1.0 0.014063284781516826 0.01757910597689603 0.013058764439979909 0.013058764439979909 0.026619789050728277 0.01858362631843295 0.013561024610748368 0.026619789050728277 0.012054244098442994 0.011551983927674536
0.08136614766449021 0.1125062782521346 0.14515318935208438 0.22149673530889 0.688598694123556 1.0 0.014063284781516826 0.01757910597689603 0.013058764439979909 0.013058764439979909 0.026619789050728277 0.01858362631843295 0.013561024610748368 0.026619789050728277 0.012054244098442994 0.011551983927674536 0.014063284781516826
0.1125062782521346 0.14515318935208438 0.22149673530889 0.688598694123556 1.0 0.014063284781516826 0.01757910597689603 0.013058764439979909 0.013058764439979909 0.026619789050728277 0.01858362631843295 0.013561024610748368 0.026619789050728277 0.012054244098442994 0.011551983927674536 0.014063284781516826 0.016574585635359115
0.14515318935208438 0.22149673530889 0.688598694123556 1.0 0.014063284781516826 0.01757910597689603 0.013058764439979909 0.013058764439979909 0.026619789050728277 0.01858362631843295 0.013561024610748368 0.026619789050728277 0.012054244098442994 0.011551983927674536 0.014063284781516826 0.016574585635359115 0.012556504269211451
0.22149673530889 0.688598694123556 1.0 0.014063284781516826 0.01757910597689603 0.013058764439979909 0.013058764439979909 0.026619789050728277 0.01858362631843295 0.013561024610748368 0.026619789050728277 0.012054244098442994 0.011551983927674536 0.014063284781516826 0.016574585635359115 0.012556504269211451 0.014063284781516826
0.688598694123556 1.0 0.014063284781516826 0.01757910597689603 0.013058764439979909 0.013058764439979909 0.026619789050728277 0.01858362631843295 0.013561024610748368 0.026619789050728277 0.012054244098442994 0.011551983927674536 0.014063284781516826 0.016574585635359115 0.012556504269211451 0.014063284781516826 0.01054746358613762
1.0 0.014063284781516826 0.01757910597689603 0.013058764439979909 0.013058764439979909 0.026619789050728277 0.01858362631843295 0.013561024610748368 0.026619789050728277 0.012054244098442994 0.011551983927674536 0.014063284781516826 0.016574585635359115 0.012556504269211451 0.014063284781516826 0.01054746358613762 0.012054244098442994
0.014063284781516826 0.01757910597689603 0.013058764439979909 0.013058764439979909 0.026619789050728277 0.01858362631843295 0.013561024610748368 0.026619789050728277 0.012054244098442994 0.011551983927674536 0.014063284781516826 0.016574585635359115 0.012556504269211451 0.014063284781516826 0.01054746358613762 0.012054244098442994 0.012054244098442994
0.01757910597689603 0.013058764439979909 0.013058764439979909 0.026619789050728277 0.01858362631843295 0.013561024610748368 0.026619789050728277 0.012054244098442994 0.011551983927674536 0.014063284781516826 0.016574585635359115 0.012556504269211451 0.014063284781516826 0.01054746358613762 0.012054244098442994 0.012054244098442994 0.01858362631843295
0.013058764439979909 0.013058764439979909 0.026619789050728277 0.01858362631843295 0.013561024610748368 0.026619789050728277 0.012054244098442994 0.011551983927674536 0.014063284781516826 0.016574585635359115 0.012556504269211451 0.014063284781516826 0.01054746358613762 0.012054244098442994 0.012054244098442994 0.01858362631843295 0.007533902561526871
0.013058764439979909 0.026619789050728277 0.01858362631843295 0.013561024610748368 0.026619789050728277 0.012054244098442994 0.011551983927674536 0.014063284781516826 0.016574585635359115 0.012556504269211451 0.014063284781516826 0.01054746358613762 0.012054244098442994 0.012054244098442994 0.01858362631843295 0.007533902561526871 0.017076845806127575
0.026619789050728277 0.01858362631843295 0.013561024610748368 0.026619789050728277 0.012054244098442994 0.011551983927674536 0.014063284781516826 0.016574585635359115 0.012556504269211451 0.014063284781516826 0.01054746358613762 0.012054244098442994 0.012054244098442994 0.01858362631843295 0.007533902561526871 0.017076845806127575 0.00803616273229533
0.01858362631843295 0.013561024610748368 0.026619789050728277 0.012054244098442994 0.011551983927674536 0.014063284781516826 0.016574585635359115 0.012556504269211451 0.014063284781516826 0.01054746358613762 0.012054244098442994 0.012054244098442994 0.01858362631843295 0.007533902561526871 0.017076845806127575 0.00803616273229533 0.014565544952285283
0.013561024610748368 0.026619789050728277 0.012054244098442994 0.011551983927674536 0.014063284781516826 0.016574585635359115 0.012556504269211451 0.014063284781516826 0.01054746358613762 0.012054244098442994 0.012054244098442994 0.01858362631843295 0.007533902561526871 0.017076845806127575 0.00803616273229533 0.014565544952285283 0.012556504269211451
0.026619789050728277 0.012054244098442994 0.011551983927674536 0.014063284781516826 0.016574585635359115 0.012556504269211451 0.014063284781516826 0.01054746358613762 0.012054244098442994 0.012054244098442994 0.01858362631843295 0.007533902561526871 0.017076845806127575 0.00803616273229533 0.014565544952285283 0.012556504269211451 0.012054244098442994
0.012054244098442994 0.011551983927674536 0.014063284781516826 0.016574585635359115 0.012556504269211451 0.014063284781516826 0.01054746358613762 0.012054244098442994 0.012054244098442994 0.01858362631843295 0.007533902561526871 0.017076845806127575 0.00803616273229533 0.014565544952285283 0.012556504269211451 0.012054244098442994 0.024108488196885988
0.011551983927674536 0.014063284781516826 0.016574585635359115 0.012556504269211451 0.014063284781516826 0.01054746358613762 0.012054244098442994 0.012054244098442994 0.01858362631843295 0.007533902561526871 0.017076845806127575 0.00803616273229533 0.014565544952285283 0.012556504269211451 0.012054244098442994 0.024108488196885988 0.03666499246609744
0.014063284781516826 0.016574585635359115 0.012556504269211451 0.014063284781516826 0.01054746358613762 0.012054244098442994 0.012054244098442994 0.01858362631843295 0.007533902561526871 0.017076845806127575 0.00803616273229533 0.014565544952285283 0.012556504269211451 0.012054244098442994 0.024108488196885988 0.03666499246609744 0.025113008538422903
0.016574585635359115 0.012556504269211451 0.014063284781516826 0.01054746358613762 0.012054244098442994 0.012054244098442994 0.01858362631843295 0.007533902561526871 0.017076845806127575 0.00803616273229533 0.014565544952285283 0.012556504269211451 0.012054244098442994 0.024108488196885988 0.03666499246609744 0.025113008538422903 0.029131089904570567
0.012556504269211451 0.014063284781516826 0.01054746358613762 0.012054244098442994 0.012054244098442994 0.01858362631843295 0.007533902561526871 0.017076845806127575 0.00803616273229533 0.014565544952285283 0.012556504269211451 0.012054244098442994 0.024108488196885988 0.03666499246609744 0.025113008538422903 0.029131089904570567 0.03616273229532898
0.014063284781516826 0.01054746358613762 0.012054244098442994 0.012054244098442994 0.01858362631843295 0.007533902561526871 0.017076845806127575 0.00803616273229533 0.014565544952285283 0.012556504269211451 0.012054244098442994 0.024108488196885988 0.03666499246609744 0.025113008538422903 0.029131089904570567 0.03616273229532898 0.024108488196885988
0.01054746358613762 0.012054244098442994 0.012054244098442994 0.01858362631843295 0.007533902561526871 0.017076845806127575 0.00803616273229533 0.014565544952285283 0.012556504269211451 0.012054244098442994 0.024108488196885988 0.03666499246609744 0.025113008538422903 0.029131089904570567 0.03616273229532898 0.024108488196885988 0.04168759417378202
0.012054244098442994 0.012054244098442994 0.01858362631843295 0.007533902561526871 0.017076845806127575 0.00803616273229533 0.014565544952285283 0.012556504269211451 0.012054244098442994 0.024108488196885988 0.03666499246609744 0.025113008538422903 0.029131089904570567 0.03616273229532898 0.024108488196885988 0.04168759417378202 0.06278252134605726
0.012054244098442994 0.01858362631843295 0.007533902561526871 0.017076845806127575 0.00803616273229533 0.014565544952285283 0.012556504269211451 0.012054244098442994 0.024108488196885988 0.03666499246609744 0.025113008538422903 0.029131089904570567 0.03616273229532898 0.024108488196885988 0.04168759417378202 0.06278252134605726 0.05826217980914113
0.01858362631843295 0.007533902561526871 0.017076845806127575 0.00803616273229533 0.014565544952285283 0.012556504269211451 0.012054244098442994 0.024108488196885988 0.03666499246609744 0.025113008538422903 0.029131089904570567 0.03616273229532898 0.024108488196885988 0.04168759417378202 0.06278252134605726 0.05826217980914113 0.01858362631843295
0.007533902561526871 0.017076845806127575 0.00803616273229533 0.014565544952285283 0.012556504269211451 0.012054244098442994 0.024108488196885988 0.03666499246609744 0.025113008538422903 0.029131089904570567 0.03616273229532898 0.024108488196885988 0.04168759417378202 0.06278252134605726 0.05826217980914113 0.01858362631843295 0.02059266700150678
0.017076845806127575 0.00803616273229533 0.014565544952285283 0.012556504269211451 0.012054244098442994 0.024108488196885988 0.03666499246609744 0.025113008538422903 0.029131089904570567 0.03616273229532898 0.024108488196885988 0.04168759417378202 0.06278252134605726 0.05826217980914113 0.01858362631843295 0.02059266700150678 0.020090406830738324
0.00803616273229533 0.014565544952285283 0.012556504269211451 0.012054244098442994 0.024108488196885988 0.03666499246609744 0.025113008538422903 0.029131089904570567 0.03616273229532898 0.024108488196885988 0.04168759417378202 0.06278252134605726 0.05826217980914113 0.01858362631843295 0.02059266700150678 0.020090406830738324 0.023103967855349072
0.014565544952285283 0.012556504269211451 0.012054244098442994 0.024108488196885988 0.03666499246609744 0.025113008538422903 0.029131089904570567 0.03616273229532898 0.024108488196885988 0.04168759417378202 0.06278252134605726 0.05826217980914113 0.01858362631843295 0.02059266700150678 0.020090406830738324 0.023103967855349072 0.023103967855349072
0.012556504269211451 0.012054244098442994 0.024108488196885988 0.03666499246609744 0.025113008538422903 0.029131089904570567 0.03616273229532898 0.024108488196885988 0.04168759417378202 0.06278252134605726 0.05826217980914113 0.01858362631843295 0.02059266700150678 0.020090406830738324 0.023103967855349072 0.023103967855349072 0.012556504269211451
0.012054244098442994 0.024108488196885988 0.03666499246609744 0.025113008538422903 0.029131089904570567 0.03616273229532898 0.024108488196885988 0.04168759417378202 0.06278252134605726 0.05826217980914113 0.01858362631843295 0.02059266700150678 0.020090406830738324 0.023103967855349072 0.023103967855349072 0.012556504269211451 0.023103967855349072
0.024108488196885988 0.03666499246609744 0.025113008538422903 0.029131089904570567 0.03616273229532898 0.024108488196885988 0.04168759417378202 0.06278252134605726 0.05826217980914113 0.01858362631843295 0.02059266700150678 0.020090406830738324 0.023103967855349072 0.023103967855349072 0.012556504269211451 0.023103967855349072 0.0155700652938222
0.03666499246609744 0.025113008538422903 0.029131089904570567 0.03616273229532898 0.024108488196885988 0.04168759417378202 0.06278252134605726 0.05826217980914113 0.01858362631843295 0.02059266700150678 0.020090406830738324 0.023103967855349072 0.023103967855349072 0.012556504269211451 0.023103967855349072 0.0155700652938222 0.025615268709191362
0.025113008538422903 0.029131089904570567 0.03616273229532898 0.024108488196885988 0.04168759417378202 0.06278252134605726 0.05826217980914113 0.01858362631843295 0.02059266700150678 0.020090406830738324 0.023103967855349072 0.023103967855349072 0.012556504269211451 0.023103967855349072 0.0155700652938222 0.025615268709191362 0.025113008538422903
0.029131089904570567 0.03616273229532898 0.024108488196885988 0.04168759417378202 0.06278252134605726 0.05826217980914113 0.01858362631843295 0.02059266700150678 0.020090406830738324 0.023103967855349072 0.023103967855349072 0.012556504269211451 0.023103967855349072 0.0155700652938222 0.025615268709191362 0.025113008538422903 0.0371672526368659
0.03616273229532898 0.024108488196885988 0.04168759417378202 0.06278252134605726 0.05826217980914113 0.01858362631843295 0.02059266700150678 0.020090406830738324 0.023103967855349072 0.023103967855349072 0.012556504269211451 0.023103967855349072 0.0155700652938222 0.025615268709191362 0.025113008538422903 0.0371672526368659 0.026619789050728277
0.024108488196885988 0.04168759417378202 0.06278252134605726 0.05826217980914113 0.01858362631843295 0.02059266700150678 0.020090406830738324 0.023103967855349072 0.023103967855349072 0.012556504269211451 0.023103967855349072 0.0155700652938222 0.025615268709191362 0.025113008538422903 0.0371672526368659 0.026619789050728277 0.04168759417378202
0.04168759417378202 0.06278252134605726 0.05826217980914113 0.01858362631843295 0.02059266700150678 0.020090406830738324 0.023103967855349072 0.023103967855349072 0.012556504269211451 0.023103967855349072 0.0155700652938222 0.025615268709191362 0.025113008538422903 0.0371672526368659 0.026619789050728277 0.04168759417378202 0.01757910597689603
0.06278252134605726 0.05826217980914113 0.01858362631843295 0.02059266700150678 0.020090406830738324 0.023103967855349072 0.023103967855349072 0.012556504269211451 0.023103967855349072 0.0155700652938222 0.025615268709191362 0.025113008538422903 0.0371672526368659 0.026619789050728277 0.04168759417378202 0.01757910597689603 0.024610748367654443
0.05826217980914113 0.01858362631843295 0.02059266700150678 0.020090406830738324 0.023103967855349072 0.023103967855349072 0.012556504269211451 0.023103967855349072 0.0155700652938222 0.025615268709191362 0.025113008538422903 0.0371672526368659 0.026619789050728277 0.04168759417378202 0.01757910597689603 0.024610748367654443 0.020090406830738324
0.01858362631843295 0.02059266700150678 0.020090406830738324 0.023103967855349072 0.023103967855349072 0.012556504269211451 0.023103967855349072 0.0155700652938222 0.025615268709191362 0.025113008538422903 0.0371672526368659 0.026619789050728277 0.04168759417378202 0.01757910597689603 0.024610748367654443 0.020090406830738324 0.019085886489201405
0.02059266700150678 0.020090406830738324 0.023103967855349072 0.023103967855349072 0.012556504269211451 0.023103967855349072 0.0155700652938222 0.025615268709191362 0.025113008538422903 0.0371672526368659 0.026619789050728277 0.04168759417378202 0.01757910597689603 0.024610748367654443 0.020090406830738324 0.019085886489201405 0.020090406830738324
0.020090406830738324 0.023103967855349072 0.023103967855349072 0.012556504269211451 0.023103967855349072 0.0155700652938222 0.025615268709191362 0.025113008538422903 0.0371672526368659 0.026619789050728277 0.04168759417378202 0.01757910597689603 0.024610748367654443 0.020090406830738324 0.019085886489201405 0.020090406830738324 0.017076845806127575
0.023103967855349072 0.023103967855349072 0.012556504269211451 0.023103967855349072 0.0155700652938222 0.025615268709191362 0.025113008538422903 0.0371672526368659 0.026619789050728277 0.04168759417378202 0.01757910597689603 0.024610748367654443 0.020090406830738324 0.019085886489201405 0.020090406830738324 0.017076845806127575 0.020090406830738324
0.023103967855349072 0.012556504269211451 0.023103967855349072 0.0155700652938222 0.025615268709191362 0.025113008538422903 0.0371672526368659 0.026619789050728277 0.04168759417378202 0.01757910597689603 0.024610748367654443 0.020090406830738324 0.019085886489201405 0.020090406830738324 0.017076845806127575 0.020090406830738324 0.01607232546459066
0.012556504269211451 0.023103967855349072 0.0155700652938222 0.025615268709191362 0.025113008538422903 0.0371672526368659 0.026619789050728277 0.04168759417378202 0.01757910597689603 0.024610748367654443 0.020090406830738324 0.019085886489201405 0.020090406830738324 0.017076845806127575 0.020090406830738324 0.01607232546459066 0.01858362631843295
0.023103967855349072 0.0155700652938222 0.025615268709191362 0.025113008538422903 0.0371672526368659 0.026619789050728277 0.04168759417378202 0.01757910597689603 0.024610748367654443 0.020090406830738324 0.019085886489201405 0.020090406830738324 0.017076845806127575 0.020090406830738324 0.01607232546459066 0.01858362631843295 0.024610748367654443
0.0155700652938222 0.025615268709191362 0.025113008538422903 0.0371672526368659 0.026619789050728277 0.04168759417378202 0.01757910597689603 0.024610748367654443 0.020090406830738324 0.019085886489201405 0.020090406830738324 0.017076845806127575 0.020090406830738324 0.01607232546459066 0.01858362631843295 0.024610748367654443 0.026117528879959818
0.025615268709191362 0.025113008538422903 0.0371672526368659 0.026619789050728277 0.04168759417378202 0.01757910597689603 0.024610748367654443 0.020090406830738324 0.019085886489201405 0.020090406830738324 0.017076845806127575 0.020090406830738324 0.01607232546459066 0.01858362631843295 0.024610748367654443 0.026117528879959818 0.03264691109994977
0.025113008538422903 0.0371672526368659 0.026619789050728277 0.04168759417378202 0.01757910597689603 0.024610748367654443 0.020090406830738324 0.019085886489201405 0.020090406830738324 0.017076845806127575 0.020090406830738324 0.01607232546459066 0.01858362631843295 0.024610748367654443 0.026117528879959818 0.03264691109994977 0.02059266700150678
0.0371672526368659 0.026619789050728277 0.04168759417378202 0.01757910597689603 0.024610748367654443 0.020090406830738324 0.019085886489201405 0.020090406830738324 0.017076845806127575 0.020090406830738324 0.01607232546459066 0.01858362631843295 0.024610748367654443 0.026117528879959818 0.03264691109994977 0.02059266700150678 0.026619789050728277
0.026619789050728277 0.04168759417378202 0.01757910597689603 0.024610748367654443 0.020090406830738324 0.019085886489201405 0.020090406830738324 0.017076845806127575 0.020090406830738324 0.01607232546459066 0.01858362631843295 0.024610748367654443 0.026117528879959818 0.03264691109994977 0.02059266700150678 0.026619789050728277 0.030135610246107485
0.04168759417378202 0.01757910597689603 0.024610748367654443 0.020090406830738324 0.019085886489201405 0.020090406830738324 0.017076845806127575 0.020090406830738324 0.01607232546459066 0.01858362631843295 0.024610748367654443 0.026117528879959818 0.03264691109994977 0.02059266700150678 0.026619789050728277 0.030135610246107485 0.02862882973380211
0.01757910597689603 0.024610748367654443 0.020090406830738324 0.019085886489201405 0.020090406830738324 0.017076845806127575 0.020090406830738324 0.01607232546459066 0.01858362631843295 0.024610748367654443 0.026117528879959818 0.03264691109994977 0.02059266700150678 0.026619789050728277 0.030135610246107485 0.02862882973380211 0.026117528879959818
0.024610748367654443 0.020090406830738324 0.019085886489201405 0.020090406830738324 0.017076845806127575 0.020090406830738324 0.01607232546459066 0.01858362631843295 0.024610748367654443 0.026117528879959818 0.03264691109994977 0.02059266700150678 0.026619789050728277 0.030135610246107485 0.02862882973380211 0.026117528879959818 0.025615268709191362
0.020090406830738324 0.019085886489201405 0.020090406830738324 0.017076845806127575 0.020090406830738324 0.01607232546459066 0.01858362631843295 0.024610748367654443 0.026117528879959818 0.03264691109994977 0.02059266700150678 0.026619789050728277 0.030135610246107485 0.02862882973380211 0.026117528879959818 0.025615268709191362 0.03917629331993973
0.019085886489201405 0.020090406830738324 0.017076845806127575 0.020090406830738324 0.01607232546459066 0.01858362631843295 0.024610748367654443 0.026117528879959818 0.03264691109994977 0.02059266700150678 0.026619789050728277 0.030135610246107485 0.02862882973380211 0.026117528879959818 0.025615268709191362 0.03917629331993973 0.0743345052737318
0.020090406830738324 0.017076845806127575 0.020090406830738324 0.01607232546459066 0.01858362631843295 0.024610748367654443 0.026117528879959818 0.03264691109994977 0.02059266700150678 0.026619789050728277 0.030135610246107485 0.02862882973380211 0.026117528879959818 0.025615268709191362 0.03917629331993973 0.0743345052737318 0.030135610246107485
0.017076845806127575 0.020090406830738324 0.01607232546459066 0.01858362631843295 0.024610748367654443 0.026117528879959818 0.03264691109994977 0.02059266700150678 0.026619789050728277 0.030135610246107485 0.02862882973380211 0.026117528879959818 0.025615268709191362 0.03917629331993973 0.0743345052737318 0.030135610246107485 0.022099447513812154
0.020090406830738324 0.01607232546459066 0.01858362631843295 0.024610748367654443 0.026117528879959818 0.03264691109994977 0.02059266700150678 0.026619789050728277 0.030135610246107485 0.02862882973380211 0.026117528879959818 0.025615268709191362 0.03917629331993973 0.0743345052737318 0.030135610246107485 0.022099447513812154 0.025615268709191362
0.01607232546459066 0.01858362631843295 0.024610748367654443 0.026117528879959818 0.03264691109994977 0.02059266700150678 0.026619789050728277 0.030135610246107485 0.02862882973380211 0.026117528879959818 0.025615268709191362 0.03917629331993973 0.0743345052737318 0.030135610246107485 0.022099447513812154 0.025615268709191362 0.04218985434455048
0.01858362631843295 0.024610748367654443 0.026117528879959818 0.03264691109994977 0.02059266700150678 0.026619789050728277 0.030135610246107485 0.02862882973380211 0.026117528879959818 0.025615268709191362 0.03917629331993973 0.0743345052737318 0.030135610246107485 0.022099447513812154 0.025615268709191362 0.04218985434455048 0.024108488196885988
0.024610748367654443 0.026117528879959818 0.03264691109994977 0.02059266700150678 0.026619789050728277 0.030135610246107485 0.02862882973380211 0.026117528879959818 0.025615268709191362 0.03917629331993973 0.0743345052737318 0.030135610246107485 0.022099447513812154 0.025615268709191362 0.04218985434455048 0.024108488196885988 0.04470115519839277
0.026117528879959818 0.03264691109994977 0.02059266700150678 0.026619789050728277 0.030135610246107485 0.02862882973380211 0.026117528879959818 0.025615268709191362 0.03917629331993973 0.0743345052737318 0.030135610246107485 0.022099447513812154 0.025615268709191362 0.04218985434455048 0.024108488196885988 0.04470115519839277 0.02862882973380211
0.03264691109994977 0.02059266700150678 0.026619789050728277 0.030135610246107485 0.02862882973380211 0.026117528879959818 0.025615268709191362 0.03917629331993973 0.0743345052737318 0.030135610246107485 0.022099447513812154 0.025615268709191362 0.04218985434455048 0.024108488196885988 0.04470115519839277 0.02862882973380211 0.03766951280763436
0.02059266700150678 0.026619789050728277 0.030135610246107485 0.02862882973380211 0.026117528879959818 0.025615268709191362 0.03917629331993973 0.0743345052737318 0.030135610246107485 0.022099447513812154 0.025615268709191362 0.04218985434455048 0.024108488196885988 0.04470115519839277 0.02862882973380211 0.03766951280763436 0.07232546459065796
0.026619789050728277 0.030135610246107485 0.02862882973380211 0.026117528879959818 0.025615268709191362 0.03917629331993973 0.0743345052737318 0.030135610246107485 0.022099447513812154 0.025615268709191362 0.04218985434455048 0.024108488196885988 0.04470115519839277 0.02862882973380211 0.03766951280763436 0.07232546459065796 0.03063787041687594
0.030135610246107485 0.02862882973380211 0.026117528879959818 0.025615268709191362 0.03917629331993973 0.0743345052737318 0.030135610246107485 0.022099447513812154 0.025615268709191362 0.04218985434455048 0.024108488196885988 0.04470115519839277 0.02862882973380211 0.03766951280763436 0.07232546459065796 0.03063787041687594 0.07734806629834254
0.02862882973380211 0.026117528879959818 0.025615268709191362 0.03917629331993973 0.0743345052737318 0.030135610246107485 0.022099447513812154 0.025615268709191362 0.04218985434455048 0.024108488196885988 0.04470115519839277 0.02862882973380211 0.03766951280763436 0.07232546459065796 0.03063787041687594 0.07734806629834254 0.02862882973380211
0.026117528879959818 0.025615268709191362 0.03917629331993973 0.0743345052737318 0.030135610246107485 0.022099447513812154 0.025615268709191362 0.04218985434455048 0.024108488196885988 0.04470115519839277 0.02862882973380211 0.03766951280763436 0.07232546459065796 0.03063787041687594 0.07734806629834254 0.02862882973380211 0.026117528879959818
0.025615268709191362 0.03917629331993973 0.0743345052737318 0.030135610246107485 0.022099447513812154 0.025615268709191362 0.04218985434455048 0.024108488196885988 0.04470115519839277 0.02862882973380211 0.03766951280763436 0.07232546459065796 0.03063787041687594 0.07734806629834254 0.02862882973380211 0.026117528879959818 0.03817177297840281
0.03917629331993973 0.0743345052737318 0.030135610246107485 0.022099447513812154 0.025615268709191362 0.04218985434455048 0.024108488196885988 0.04470115519839277 0.02862882973380211 0.03766951280763436 0.07232546459065796 0.03063787041687594 0.07734806629834254 0.02862882973380211 0.026117528879959818 0.03817177297840281 0.026619789050728277
0.0743345052737318 0.030135610246107485 0.022099447513812154 0.025615268709191362 0.04218985434455048 0.024108488196885988 0.04470115519839277 0.02862882973380211 0.03766951280763436 0.07232546459065796 0.03063787041687594 0.07734806629834254 0.02862882973380211 0.026117528879959818 0.03817177297840281 0.026619789050728277 0.027122049221496736
0.030135610246107485 0.022099447513812154 0.025615268709191362 0.04218985434455048 0.024108488196885988 0.04470115519839277 0.02862882973380211 0.03766951280763436 0.07232546459065796 0.03063787041687594 0.07734806629834254 0.02862882973380211 0.026117528879959818 0.03817177297840281 0.026619789050728277 0.027122049221496736 0.01808136614766449
0.022099447513812154 0.025615268709191362 0.04218985434455048 0.024108488196885988 0.04470115519839277 0.02862882973380211 0.03766951280763436 0.07232546459065796 0.03063787041687594 0.07734806629834254 0.02862882973380211 0.026117528879959818 0.03817177297840281 0.026619789050728277 0.027122049221496736 0.01808136614766449 0.01808136614766449
0.025615268709191362 0.04218985434455048 0.024108488196885988 0.04470115519839277 0.02862882973380211 0.03766951280763436 0.07232546459065796 0.03063787041687594 0.07734806629834254 0.02862882973380211 0.026117528879959818 0.03817177297840281 0.026619789050728277 0.027122049221496736 0.01808136614766449 0.01808136614766449 0.026117528879959818
0.04218985434455048 0.024108488196885988 0.04470115519839277 0.02862882973380211 0.03766951280763436 0.07232546459065796 0.03063787041687594 0.07734806629834254 0.02862882973380211 0.026117528879959818 0.03817177297840281 0.026619789050728277 0.027122049221496736 0.01808136614766449 0.01808136614766449 0.026117528879959818 0.024108488196885988
0.024108488196885988 0.04470115519839277 0.02862882973380211 0.03766951280763436 0.07232546459065796 0.03063787041687594 0.07734806629834254 0.02862882973380211 0.026117528879959818 0.03817177297840281 0.026619789050728277 0.027122049221496736 0.01808136614766449 0.01808136614766449 0.026117528879959818 0.024108488196885988 0.052235057759919636
0.04470115519839277 0.02862882973380211 0.03766951280763436 0.07232546459065796 0.03063787041687594 0.07734806629834254 0.02862882973380211 0.026117528879959818 0.03817177297840281 0.026619789050728277 0.027122049221496736 0.01808136614766449 0.01808136614766449 0.026117528879959818 0.024108488196885988 0.052235057759919636 0.08136614766449021
0.02862882973380211 0.03766951280763436 0.07232546459065796 0.03063787041687594 0.07734806629834254 0.02862882973380211 0.026117528879959818 0.03817177297840281 0.026619789050728277 0.027122049221496736 0.01808136614766449 0.01808136614766449 0.026117528879959818 0.024108488196885988 0.052235057759919636 0.08136614766449021 0.02059266700150678
0.03766951280763436 0.07232546459065796 0.03063787041687594 0.07734806629834254 0.02862882973380211 0.026117528879959818 0.03817177297840281 0.026619789050728277 0.027122049221496736 0.01808136614766449 0.01808136614766449 0.026117528879959818 0.024108488196885988 0.052235057759919636 0.08136614766449021 0.02059266700150678 0.02812656956303365
0.07232546459065796 0.03063787041687594 0.07734806629834254 0.02862882973380211 0.026117528879959818 0.03817177297840281 0.026619789050728277 0.027122049221496736 0.01808136614766449 0.01808136614766449 0.026117528879959818 0.024108488196885988 0.052235057759919636 0.08136614766449021 0.02059266700150678 0.02812656956303365 0.021597187343043698
0.03063787041687594 0.07734806629834254 0.02862882973380211 0.026117528879959818 0.03817177297840281 0.026619789050728277 0.027122049221496736 0.01808136614766449 0.01808136614766449 0.026117528879959818 0.024108488196885988 0.052235057759919636 0.08136614766449021 0.02059266700150678 0.02812656956303365 0.021597187343043698 0.03264691109994977
0.07734806629834254 0.02862882973380211 0.026117528879959818 0.03817177297840281 0.026619789050728277 0.027122049221496736 0.01808136614766449 0.01808136614766449 0.026117528879959818 0.024108488196885988 0.052235057759919636 0.08136614766449021 0.02059266700150678 0.02812656956303365 0.021597187343043698 0.03264691109994977 0.019588146659969864
0.02862882973380211 0.026117528879959818 0.03817177297840281 0.026619789050728277 0.027122049221496736 0.01808136614766449 0.01808136614766449 0.026117528879959818 0.024108488196885988 0.052235057759919636 0.08136614766449021 0.02059266700150678 0.02812656956303365 0.021597187343043698 0.03264691109994977 0.019588146659969864 0.019588146659969864
0.026117528879959818 0.03817177297840281 0.026619789050728277 0.027122049221496736 0.01808136614766449 0.01808136614766449 0.026117528879959818 0.024108488196885988 0.052235057759919636 0.08136614766449021 0.02059266700150678 0.02812656956303365 0.021597187343043698 0.03264691109994977 0.019588146659969864 0.019588146659969864 0.01808136614766449
0.03817177297840281 0.026619789050728277 0.027122049221496736 0.01808136614766449 0.01808136614766449 0.026117528879959818 0.024108488196885988 0.052235057759919636 0.08136614766449021 0.02059266700150678 0.02812656956303365 0.021597187343043698 0.03264691109994977 0.019588146659969864 0.019588146659969864 0.01808136614766449 0.019588146659969864
0.026619789050728277 0.027122049221496736 0.01808136614766449 0.01808136614766449 0.026117528879959818 0.024108488196885988 0.052235057759919636 0.08136614766449021 0.02059266700150678 0.02812656956303365 0.021597187343043698 0.03264691109994977 0.019588146659969864 0.019588146659969864 0.01808136614766449 0.019588146659969864 0.0155700652938222
0.027122049221496736 0.01808136614766449 0.01808136614766449 0.026117528879959818 0.024108488196885988 0.052235057759919636 0.08136614766449021 0.02059266700150678 0.02812656956303365 0.021597187343043698 0.03264691109994977 0.019588146659969864 0.019588146659969864 0.01808136614766449 0.019588146659969864 0.0155700652938222 0.02059266700150678
0.01808136614766449 0.01808136614766449 0.026117528879959818 0.024108488196885988 0.052235057759919636 0.08136614766449021 0.02059266700150678 0.02812656956303365 0.021597187343043698 0.03264691109994977 0.019588146659969864 0.019588146659969864 0.01808136614766449 0.019588146659969864 0.0155700652938222 0.02059266700150678 0.025615268709191362
0.01808136614766449 0.026117528879959818 0.024108488196885988 0.052235057759919636 0.08136614766449021 0.02059266700150678 0.02812656956303365 0.021597187343043698 0.03264691109994977 0.019588146659969864 0.019588146659969864 0.01808136614766449 0.019588146659969864 0.0155700652938222 0.02059266700150678 0.025615268709191362 0.014565544952285283
0.026117528879959818 0.024108488196885988 0.052235057759919636 0.08136614766449021 0.02059266700150678 0.02812656956303365 0.021597187343043698 0.03264691109994977 0.019588146659969864 0.019588146659969864 0.01808136614766449 0.019588146659969864 0.0155700652938222 0.02059266700150678 0.025615268709191362 0.014565544952285283 0.022601707684580613
0.024108488196885988 0.052235057759919636 0.08136614766449021 0.02059266700150678 0.02812656956303365 0.021597187343043698 0.03264691109994977 0.019588146659969864 0.019588146659969864 0.01808136614766449 0.019588146659969864 0.0155700652938222 0.02059266700150678 0.025615268709191362 0.014565544952285283 0.022601707684580613 0.019588146659969864
0.052235057759919636 0.08136614766449021 0.02059266700150678 0.02812656956303365 0.021597187343043698 0.03264691109994977 0.019588146659969864 0.019588146659969864 0.01808136614766449 0.019588146659969864 0.0155700652938222 0.02059266700150678 0.025615268709191362 0.014565544952285283 0.022601707684580613 0.019588146659969864 0.021597187343043698
0.08136614766449021 0.02059266700150678 0.02812656956303365 0.021597187343043698 0.03264691109994977 0.019588146659969864 0.019588146659969864 0.01808136614766449 0.019588146659969864 0.0155700652938222 0.02059266700150678 0.025615268709191362 0.014565544952285283 0.022601707684580613 0.019588146659969864 0.021597187343043698 0.016574585635359115
0.02059266700150678 0.02812656956303365 0.021597187343043698 0.03264691109994977 0.019588146659969864 0.019588146659969864 0.01808136614766449 0.019588146659969864 0.0155700652938222 0.02059266700150678 0.025615268709191362 0.014565544952285283 0.022601707684580613 0.019588146659969864 0.021597187343043698 0.016574585635359115 0.014565544952285283
0.02812656956303365 0.021597187343043698 0.03264691109994977 0.019588146659969864 0.019588146659969864 0.01808136614766449 0.019588146659969864 0.0155700652938222 0.02059266700150678 0.025615268709191362 0.014565544952285283 0.022601707684580613 0.019588146659969864 0.021597187343043698 0.016574585635359115 0.014565544952285283 0.021597187343043698
0.021597187343043698 0.03264691109994977 0.019588146659969864 0.019588146659969864 0.01808136614766449 0.019588146659969864 0.0155700652938222 0.02059266700150678 0.025615268709191362 0.014565544952285283 0.022601707684580613 0.019588146659969864 0.021597187343043698 0.016574585635359115 0.014565544952285283 0.021597187343043698 0.014565544952285283
0.03264691109994977 0.019588146659969864 0.019588146659969864 0.01808136614766449 0.019588146659969864 0.0155700652938222 0.02059266700150678 0.025615268709191362 0.014565544952285283 0.022601707684580613 0.019588146659969864 0.021597187343043698 0.016574585635359115 0.014565544952285283 0.021597187343043698 0.014565544952285283 0.01607232546459066
0.019588146659969864 0.019588146659969864 0.01808136614766449 0.019588146659969864 0.0155700652938222 0.02059266700150678 0.025615268709191362 0.014565544952285283 0.022601707684580613 0.019588146659969864 0.021597187343043698 0.016574585635359115 0.014565544952285283 0.021597187343043698 0.014565544952285283 0.01607232546459066 0.014063284781516826
0.019588146659969864 0.01808136614766449 0.019588146659969864 0.0155700652938222 0.02059266700150678 0.025615268709191362 0.014565544952285283 0.022601707684580613 0.019588146659969864 0.021597187343043698 0.016574585635359115 0.014565544952285283 0.021597187343043698 0.014565544952285283 0.01607232546459066 0.014063284781516826 0.01607232546459066
0.01808136614766449 0.019588146659969864 0.0155700652938222 0.02059266700150678 0.025615268709191362 0.014565544952285283 0.022601707684580613 0.019588146659969864 0.021597187343043698 0.016574585635359115 0.014565544952285283 0.021597187343043698 0.014565544952285283 0.01607232546459066 0.014063284781516826 0.01607232546459066 0.014565544952285283
0.019588146659969864 0.0155700652938222 0.02059266700150678 0.025615268709191362 0.014565544952285283 0.022601707684580613 0.019588146659969864 0.021597187343043698 0.016574585635359115 0.014565544952285283 0.021597187343043698 0.014565544952285283 0.01607232546459066 0.014063284781516826 0.01607232546459066 0.014565544952285283 0.01757910597689603
0.0155700652938222 0.02059266700150678 0.025615268709191362 0.014565544952285283 0.022601707684580613 0.019588146659969864 0.021597187343043698 0.016574585635359115 0.014565544952285283 0.021597187343043698 0.014565544952285283 0.01607232546459066 0.014063284781516826 0.01607232546459066 0.014565544952285283 0.01757910597689603 0.011551983927674536
0.02059266700150678 0.025615268709191362 0.014565544952285283 0.022601707684580613 0.019588146659969864 0.021597187343043698 0.016574585635359115 0.014565544952285283 0.021597187343043698 0.014565544952285283 0.01607232546459066 0.014063284781516826 0.01607232546459066 0.014565544952285283 0.01757910597689603 0.011551983927674536 0.0311401305876444
0.025615268709191362 0.014565544952285283 0.022601707684580613 0.019588146659969864 0.021597187343043698 0.016574585635359115 0.014565544952285283 0.021597187343043698 0.014565544952285283 0.01607232546459066 0.014063284781516826 0.01607232546459066 0.014565544952285283 0.01757910597689603 0.011551983927674536 0.0311401305876444 0.0155700652938222
0.014565544952285283 0.022601707684580613 0.019588146659969864 0.021597187343043698 0.016574585635359115 0.014565544952285283 0.021597187343043698 0.014565544952285283 0.01607232546459066 0.014063284781516826 0.01607232546459066 0.014565544952285283 0.01757910597689603 0.011551983927674536 0.0311401305876444 0.0155700652938222 0.013058764439979909
0.022601707684580613 0.019588146659969864 0.021597187343043698 0.016574585635359115 0.014565544952285283 0.021597187343043698 0.014565544952285283 0.01607232546459066 0.014063284781516826 0.01607232546459066 0.014565544952285283 0.01757910597689603 0.011551983927674536 0.0311401305876444 0.0155700652938222 0.013058764439979909 0.02059266700150678
0.019588146659969864 0.021597187343043698 0.016574585635359115 0.014565544952285283 0.021597187343043698 0.014565544952285283 0.01607232546459066 0.014063284781516826 0.01607232546459066 0.014565544952285283 0.01757910597689603 0.011551983927674536 0.0311401305876444 0.0155700652938222 0.013058764439979909 0.02059266700150678 0.0155700652938222
0.021597187343043698 0.016574585635359115 0.014565544952285283 0.021597187343043698 0.014565544952285283 0.01607232546459066 0.014063284781516826 0.01607232546459066 0.014565544952285283 0.01757910597689603 0.011551983927674536 0.0311401305876444 0.0155700652938222 0.013058764439979909 0.02059266700150678 0.0155700652938222 0.015067805123053743
0.016574585635359115 0.014565544952285283 0.021597187343043698 0.014565544952285283 0.01607232546459066 0.014063284781516826 0.01607232546459066 0.014565544952285283 0.01757910597689603 0.011551983927674536 0.0311401305876444 0.0155700652938222 0.013058764439979909 0.02059266700150678 0.0155700652938222 0.015067805123053743 0.013561024610748368
0.014565544952285283 0.021597187343043698 0.014565544952285283 0.01607232546459066 0.014063284781516826 0.01607232546459066 0.014565544952285283 0.01757910597689603 0.011551983927674536 0.0311401305876444 0.0155700652938222 0.013058764439979909 0.02059266700150678 0.0155700652938222 0.015067805123053743 0.013561024610748368 0.013058764439979909
0.021597187343043698 0.014565544952285283 0.01607232546459066 0.014063284781516826 0.01607232546459066 0.014565544952285283 0.01757910597689603 0.011551983927674536 0.0311401305876444 0.0155700652938222 0.013058764439979909 0.02059266700150678 0.0155700652938222 0.015067805123053743 0.013561024610748368 0.013058764439979909 0.014565544952285283
0.014565544952285283 0.01607232546459066 0.014063284781516826 0.01607232546459066 0.014565544952285283 0.01757910597689603 0.011551983927674536 0.0311401305876444 0.0155700652938222 0.013058764439979909 0.02059266700150678 0.0155700652938222 0.015067805123053743 0.013561024610748368 0.013058764439979909 0.014565544952285283 0.019085886489201405
0.01607232546459066 0.014063284781516826 0.01607232546459066 0.014565544952285283 0.01757910597689603 0.011551983927674536 0.0311401305876444 0.0155700652938222 0.013058764439979909 0.02059266700150678 0.0155700652938222 0.015067805123053743 0.013561024610748368 0.013058764439979909 0.014565544952285283 0.019085886489201405 0.0155700652938222
0.014063284781516826 0.01607232546459066 0.014565544952285283 0.01757910597689603 0.011551983927674536 0.0311401305876444 0.0155700652938222 0.013058764439979909 0.02059266700150678 0.0155700652938222 0.015067805123053743 0.013561024610748368 0.013058764439979909 0.014565544952285283 0.019085886489201405 0.0155700652938222 0.12556504269211452
0.01607232546459066 0.014565544952285283 0.01757910597689603 0.011551983927674536 0.0311401305876444 0.0155700652938222 0.013058764439979909 0.02059266700150678 0.0155700652938222 0.015067805123053743 0.013561024610748368 0.013058764439979909 0.014565544952285283 0.019085886489201405 0.0155700652938222 0.12556504269211452 0.2250125565042692
0.014565544952285283 0.01757910597689603 0.011551983927674536 0.0311401305876444 0.0155700652938222 0.013058764439979909 0.02059266700150678 0.0155700652938222 0.015067805123053743 0.013561024610748368 0.013058764439979909 0.014565544952285283 0.019085886489201405 0.0155700652938222 0.12556504269211452 0.2250125565042692 0.01858362631843295
0.01757910597689603 0.011551983927674536 0.0311401305876444 0.0155700652938222 0.013058764439979909 0.02059266700150678 0.0155700652938222 0.015067805123053743 0.013561024610748368 0.013058764439979909 0.014565544952285283 0.019085886489201405 0.0155700652938222 0.12556504269211452 0.2250125565042692 0.01858362631843295 0.01808136614766449
0.011551983927674536 0.0311401305876444 0.0155700652938222 0.013058764439979909 0.02059266700150678 0.0155700652938222 0.015067805123053743 0.013561024610748368 0.013058764439979909 0.014565544952285283 0.019085886489201405 0.0155700652938222 0.12556504269211452 0.2250125565042692 0.01858362631843295 0.01808136614766449 0.025113008538422903
0.0311401305876444 0.0155700652938222 0.013058764439979909 0.02059266700150678 0.0155700652938222 0.015067805123053743 0.013561024610748368 0.013058764439979909 0.014565544952285283 0.019085886489201405 0.0155700652938222 0.12556504269211452 0.2250125565042692 0.01858362631843295 0.01808136614766449 0.025113008538422903 0.012556504269211451
0.0155700652938222 0.013058764439979909 0.02059266700150678 0.0155700652938222 0.015067805123053743 0.013561024610748368 0.013058764439979909 0.014565544952285283 0.019085886489201405 0.0155700652938222 0.12556504269211452 0.2250125565042692 0.01858362631843295 0.01808136614766449 0.025113008538422903 0.012556504269211451 0.017076845806127575
0.013058764439979909 0.02059266700150678 0.0155700652938222 0.015067805123053743 0.013561024610748368 0.013058764439979909 0.014565544952285283 0.019085886489201405 0.0155700652938222 0.12556504269211452 0.2250125565042692 0.01858362631843295 0.01808136614766449 0.025113008538422903 0.012556504269211451 0.017076845806127575 0.011551983927674536
0.02059266700150678 0.0155700652938222 0.015067805123053743 0.013561024610748368 0.013058764439979909 0.014565544952285283 0.019085886489201405 0.0155700652938222 0.12556504269211452 0.2250125565042692 0.01858362631843295 0.01808136614766449 0.025113008538422903 0.012556504269211451 0.017076845806127575 0.011551983927674536 0.008538422903063787
0.0155700652938222 0.015067805123053743 0.013561024610748368 0.013058764439979909 0.014565544952285283 0.019085886489201405 0.0155700652938222 0.12556504269211452 0.2250125565042692 0.01858362631843295 0.01808136614766449 0.025113008538422903 0.012556504269211451 0.017076845806127575 0.011551983927674536 0.008538422903063787 0.0155700652938222
0.015067805123053743 0.013561024610748368 0.013058764439979909 0.014565544952285283 0.019085886489201405 0.0155700652938222 0.12556504269211452 0.2250125565042692 0.01858362631843295 0.01808136614766449 0.025113008538422903 0.012556504269211451 0.017076845806127575 0.011551983927674536 0.008538422903063787 0.0155700652938222 0.01054746358613762
0.013561024610748368 0.013058764439979909 0.014565544952285283 0.019085886489201405 0.0155700652938222 0.12556504269211452 0.2250125565042692 0.01858362631843295 0.01808136614766449 0.025113008538422903 0.012556504269211451 0.017076845806127575 0.011551983927674536 0.008538422903063787 0.0155700652938222 0.01054746358613762 0.009040683073832245
0.013058764439979909 0.014565544952285283 0.019085886489201405 0.0155700652938222 0.12556504269211452 0.2250125565042692 0.01858362631843295 0.01808136614766449 0.025113008538422903 0.012556504269211451 0.017076845806127575 0.011551983927674536 0.008538422903063787 0.0155700652938222 0.01054746358613762 0.009040683073832245 0.01054746358613762
0.014565544952285283 0.019085886489201405 0.0155700652938222 0.12556504269211452 0.2250125565042692 0.01858362631843295 0.01808136614766449 0.025113008538422903 0.012556504269211451 0.017076845806127575 0.011551983927674536 0.008538422903063787 0.0155700652938222 0.01054746358613762 0.009040683073832245 0.01054746358613762 0.011049723756906077
0.019085886489201405 0.0155700652938222 0.12556504269211452 0.2250125565042692 0.01858362631843295 0.01808136614766449 0.025113008538422903 0.012556504269211451 0.017076845806127575 0.011551983927674536 0.008538422903063787 0.0155700652938222 0.01054746358613762 0.009040683073832245 0.01054746358613762 0.011049723756906077 0.014063284781516826
0.0155700652938222 0.12556504269211452 0.2250125565042692 0.01858362631843295 0.01808136614766449 0.025113008538422903 0.012556504269211451 0.017076845806127575 0.011551983927674536 0.008538422903063787 0.0155700652938222 0.01054746358613762 0.009040683073832245 0.01054746358613762 0.011049723756906077 0.014063284781516826 0.016574585635359115
0.12556504269211452 0.2250125565042692 0.01858362631843295 0.01808136614766449 0.025113008538422903 0.012556504269211451 0.017076845806127575 0.011551983927674536 0.008538422903063787 0.0155700652938222 0.01054746358613762 0.009040683073832245 0.01054746358613762 0.011049723756906077 0.014063284781516826 0.016574585635359115 0.014565544952285283
0.2250125565042692 0.01858362631843295 0.01808136614766449 0.025113008538422903 0.012556504269211451 0.017076845806127575 0.011551983927674536 0.008538422903063787 0.0155700652938222 0.01054746358613762 0.009040683073832245 0.01054746358613762 0.011049723756906077 0.014063284781516826 0.016574585635359115 0.014565544952285283 0.02109492717227524
0.01858362631843295 0.01808136614766449 0.025113008538422903 0.012556504269211451 0.017076845806127575 0.011551983927674536 0.008538422903063787 0.0155700652938222 0.01054746358613762 0.009040683073832245 0.01054746358613762 0.011049723756906077 0.014063284781516826 0.016574585635359115 0.014565544952285283 0.02109492717227524 0.012054244098442994
0.01808136614766449 0.025113008538422903 0.012556504269211451 0.017076845806127575 0.011551983927674536 0.008538422903063787 0.0155700652938222 0.01054746358613762 0.009040683073832245 0.01054746358613762 0.011049723756906077 0.014063284781516826 0.016574585635359115 0.014565544952285283 0.02109492717227524 0.012054244098442994 0.016574585635359115
0.025113008538422903 0.012556504269211451 0.017076845806127575 0.011551983927674536 0.008538422903063787 0.0155700652938222 0.01054746358613762 0.009040683073832245 0.01054746358613762 0.011049723756906077 0.014063284781516826 0.016574585635359115 0.014565544952285283 0.02109492717227524 0.012054244098442994 0.016574585635359115 0.014063284781516826
0.012556504269211451 0.017076845806127575 0.011551983927674536 0.008538422903063787 0.0155700652938222 0.01054746358613762 0.009040683073832245 0.01054746358613762 0.011049723756906077 0.014063284781516826 0.016574585635359115 0.014565544952285283 0.02109492717227524 0.012054244098442994 0.016574585635359115 0.014063284781516826 0.014063284781516826
0.017076845806127575 0.011551983927674536 0.008538422903063787 0.0155700652938222 0.01054746358613762 0.009040683073832245 0.01054746358613762 0.011049723756906077 0.014063284781516826 0.016574585635359115 0.014565544952285283 0.02109492717227524 0.012054244098442994 0.016574585635359115 0.014063284781516826 0.014063284781516826 0.014565544952285283
0.011551983927674536 0.008538422903063787 0.0155700652938222 0.01054746358613762 0.009040683073832245 0.01054746358613762 0.011049723756906077 0.014063284781516826 0.016574585635359115 0.014565544952285283 0.02109492717227524 0.012054244098442994 0.016574585635359115 0.014063284781516826 0.014063284781516826 0.014565544952285283 0.020090406830738324
0.008538422903063787 0.0155700652938222 0.01054746358613762 0.009040683073832245 0.01054746358613762 0.011049723756906077 0.014063284781516826 0.016574585635359115 0.014565544952285283 0.02109492717227524 0.012054244098442994 0.016574585635359115 0.014063284781516826 0.014063284781516826 0.014565544952285283 0.020090406830738324 0.01607232546459066
0.0155700652938222 0.01054746358613762 0.009040683073832245 0.01054746358613762 0.011049723756906077 0.014063284781516826 0.016574585635359115 0.014565544952285283 0.02109492717227524 0.012054244098442994 0.016574585635359115 0.014063284781516826 0.014063284781516826 0.014565544952285283 0.020090406830738324 0.01607232546459066 0.01757910597689603
0.01054746358613762 0.009040683073832245 0.01054746358613762 0.011049723756906077 0.014063284781516826 0.016574585635359115 0.014565544952285283 0.02109492717227524 0.012054244098442994 0.016574585635359115 0.014063284781516826 0.014063284781516826 0.014565544952285283 0.020090406830738324 0.01607232546459066 0.01757910597689603 0.023103967855349072
0.009040683073832245 0.01054746358613762 0.011049723756906077 0.014063284781516826 0.016574585635359115 0.014565544952285283 0.02109492717227524 0.012054244098442994 0.016574585635359115 0.014063284781516826 0.014063284781516826 0.014565544952285283 0.020090406830738324 0.01607232546459066 0.01757910597689603 0.023103967855349072 0.023103967855349072
0.01054746358613762 0.011049723756906077 0.014063284781516826 0.016574585635359115 0.014565544952285283 0.02109492717227524 0.012054244098442994 0.016574585635359115 0.014063284781516826 0.014063284781516826 0.014565544952285283 0.020090406830738324 0.01607232546459066 0.01757910597689603 0.023103967855349072 0.023103967855349072 0.0155700652938222
0.011049723756906077 0.014063284781516826 0.016574585635359115 0.014565544952285283 0.02109492717227524 0.012054244098442994 0.016574585635359115 0.014063284781516826 0.014063284781516826 0.014565544952285283 0.020090406830738324 0.01607232546459066 0.01757910597689603 0.023103967855349072 0.023103967855349072 0.0155700652938222 0.012556504269211451
0.014063284781516826 0.016574585635359115 0.014565544952285283 0.02109492717227524 0.012054244098442994 0.016574585635359115 0.014063284781516826 0.014063284781516826 0.014565544952285283 0.020090406830738324 0.01607232546459066 0.01757910597689603 0.023103967855349072 0.023103967855349072 0.0155700652938222 0.012556504269211451 0.012556504269211451
0.016574585635359115 0.014565544952285283 0.02109492717227524 0.012054244098442994 0.016574585635359115 0.014063284781516826 0.014063284781516826 0.014565544952285283 0.020090406830738324 0.01607232546459066 0.01757910597689603 0.023103967855349072 0.023103967855349072 0.0155700652938222 0.012556504269211451 0.012556504269211451 0.01607232546459066
0.014565544952285283 0.02109492717227524 0.012054244098442994 0.016574585635359115 0.014063284781516826 0.014063284781516826 0.014565544952285283 0.020090406830738324 0.01607232546459066 0.01757910597689603 0.023103967855349072 0.023103967855349072 0.0155700652938222 0.012556504269211451 0.012556504269211451 0.01607232546459066 0.023103967855349072
0.02109492717227524 0.012054244098442994 0.016574585635359115 0.014063284781516826 0.014063284781516826 0.014565544952285283 0.020090406830738324 0.01607232546459066 0.01757910597689603 0.023103967855349072 0.023103967855349072 0.0155700652938222 0.012556504269211451 0.012556504269211451 0.01607232546459066 0.023103967855349072 0.015067805123053743
0.012054244098442994 0.016574585635359115 0.014063284781516826 0.014063284781516826 0.014565544952285283 0.020090406830738324 0.01607232546459066 0.01757910597689603 0.023103967855349072 0.023103967855349072 0.0155700652938222 0.012556504269211451 0.012556504269211451 0.01607232546459066 0.023103967855349072 0.015067805123053743 0.014565544952285283
0.016574585635359115 0.014063284781516826 0.014063284781516826 0.014565544952285283 0.020090406830738324 0.01607232546459066 0.01757910597689603 0.023103967855349072 0.023103967855349072 0.0155700652938222 0.012556504269211451 0.012556504269211451 0.01607232546459066 0.023103967855349072 0.015067805123053743 0.014565544952285283 0.013561024610748368
0.014063284781516826 0.014063284781516826 0.014565544952285283 0.020090406830738324 0.01607232546459066 0.01757910597689603 0.023103967855349072 0.023103967855349072 0.0155700652938222 0.012556504269211451 0.012556504269211451 0.01607232546459066 0.023103967855349072 0.015067805123053743 0.014565544952285283 0.013561024610748368 0.011049723756906077
0.014063284781516826 0.014565544952285283 0.020090406830738324 0.01607232546459066 0.01757910597689603 0.023103967855349072 0.023103967855349072 0.0155700652938222 0.012556504269211451 0.012556504269211451 0.01607232546459066 0.023103967855349072 0.015067805123053743 0.014565544952285283 0.013561024610748368 0.011049723756906077 0.019085886489201405
0.014565544952285283 0.020090406830738324 0.01607232546459066 0.01757910597689603 0.023103967855349072 0.023103967855349072 0.0155700652938222 0.012556504269211451 0.012556504269211451 0.01607232546459066 0.023103967855349072 0.015067805123053743 0.014565544952285283 0.013561024610748368 0.011049723756906077 0.019085886489201405 0.01757910597689603
0.020090406830738324 0.01607232546459066 0.01757910597689603 0.023103967855349072 0.023103967855349072 0.0155700652938222 0.012556504269211451 0.012556504269211451 0.01607232546459066 0.023103967855349072 0.015067805123053743 0.014565544952285283 0.013561024610748368 0.011049723756906077 0.019085886489201405 0.01757910597689603 0.01858362631843295
0.01607232546459066 0.01757910597689603 0.023103967855349072 0.023103967855349072 0.0155700652938222 0.012556504269211451 0.012556504269211451 0.01607232546459066 0.023103967855349072 0.015067805123053743 0.014565544952285283 0.013561024610748368 0.011049723756906077 0.019085886489201405 0.01757910597689603 0.01858362631843295 0.022601707684580613
0.01757910597689603 0.023103967855349072 0.023103967855349072 0.0155700652938222 0.012556504269211451 0.012556504269211451 0.01607232546459066 0.023103967855349072 0.015067805123053743 0.014565544952285283 0.013561024610748368 0.011049723756906077 0.019085886489201405 0.01757910597689603 0.01858362631843295 0.022601707684580613 0.017076845806127575
0.023103967855349072 0.023103967855349072 0.0155700652938222 0.012556504269211451 0.012556504269211451 0.01607232546459066 0.023103967855349072 0.015067805123053743 0.014565544952285283 0.013561024610748368 0.011049723756906077 0.019085886489201405 0.01757910597689603 0.01858362631843295 0.022601707684580613 0.017076845806127575 0.01054746358613762
0.023103967855349072 0.0155700652938222 0.012556504269211451 0.012556504269211451 0.01607232546459066 0.023103967855349072 0.015067805123053743 0.014565544952285283 0.013561024610748368 0.011049723756906077 0.019085886489201405 0.01757910597689603 0.01858362631843295 0.022601707684580613 0.017076845806127575 0.01054746358613762 0.0155700652938222
0.0155700652938222 0.012556504269211451 0.012556504269211451 0.01607232546459066 0.023103967855349072 0.015067805123053743 0.014565544952285283 0.013561024610748368 0.011049723756906077 0.019085886489201405 0.01757910597689603 0.01858362631843295 0.022601707684580613 0.017076845806127575 0.01054746358613762 0.0155700652938222 0.014063284781516826
0.012556504269211451 0.012556504269211451 0.01607232546459066 0.023103967855349072 0.015067805123053743 0.014565544952285283 0.013561024610748368 0.011049723756906077 0.019085886489201405 0.01757910597689603 0.01858362631843295 0.022601707684580613 0.017076845806127575 0.01054746358613762 0.0155700652938222 0.014063284781516826 0.025615268709191362
0.012556504269211451 0.01607232546459066 0.023103967855349072 0.015067805123053743 0.014565544952285283 0.013561024610748368 0.011049723756906077 0.019085886489201405 0.01757910597689603 0.01858362631843295 0.022601707684580613 0.017076845806127575 0.01054746358613762 0.0155700652938222 0.014063284781516826 0.025615268709191362 0.014565544952285283
0.01607232546459066 0.023103967855349072 0.015067805123053743 0.014565544952285283 0.013561024610748368 0.011049723756906077 0.019085886489201405 0.01757910597689603 0.01858362631843295 0.022601707684580613 0.017076845806127575 0.01054746358613762 0.0155700652938222 0.014063284781516826 0.025615268709191362 0.014565544952285283 0.025615268709191362
0.023103967855349072 0.015067805123053743 0.014565544952285283 0.013561024610748368 0.011049723756906077 0.019085886489201405 0.01757910597689603 0.01858362631843295 0.022601707684580613 0.017076845806127575 0.01054746358613762 0.0155700652938222 0.014063284781516826 0.025615268709191362 0.014565544952285283 0.025615268709191362 0.01607232546459066
0.015067805123053743 0.014565544952285283 0.013561024610748368 0.011049723756906077 0.019085886489201405 0.01757910597689603 0.01858362631843295 0.022601707684580613 0.017076845806127575 0.01054746358613762 0.0155700652938222 0.014063284781516826 0.025615268709191362 0.014565544952285283 0.025615268709191362 0.01607232546459066 0.020090406830738324
0.014565544952285283 0.013561024610748368 0.011049723756906077 0.019085886489201405 0.01757910597689603 0.01858362631843295 0.022601707684580613 0.017076845806127575 0.01054746358613762 0.0155700652938222 0.014063284781516826 0.025615268709191362 0.014565544952285283 0.025615268709191362 0.01607232546459066 0.020090406830738324 0.017076845806127575
0.013561024610748368 0.011049723756906077 0.019085886489201405 0.01757910597689603 0.01858362631843295 0.022601707684580613 0.017076845806127575 0.01054746358613762 0.0155700652938222 0.014063284781516826 0.025615268709191362 0.014565544952285283 0.025615268709191362 0.01607232546459066 0.020090406830738324 0.017076845806127575 0.012054244098442994
0.011049723756906077 0.019085886489201405 0.01757910597689603 0.01858362631843295 0.022601707684580613 0.017076845806127575 0.01054746358613762 0.0155700652938222 0.014063284781516826 0.025615268709191362 0.014565544952285283 0.025615268709191362 0.01607232546459066 0.020090406830738324 0.017076845806127575 0.012054244098442994 0.014063284781516826
0.019085886489201405 0.01757910597689603 0.01858362631843295 0.022601707684580613 0.017076845806127575 0.01054746358613762 0.0155700652938222 0.014063284781516826 0.025615268709191362 0.014565544952285283 0.025615268709191362 0.01607232546459066 0.020090406830738324 0.017076845806127575 0.012054244098442994 0.014063284781516826 0.020090406830738324
0.01757910597689603 0.01858362631843295 0.022601707684580613 0.017076845806127575 0.01054746358613762 0.0155700652938222 0.014063284781516826 0.025615268709191362 0.014565544952285283 0.025615268709191362 0.01607232546459066 0.020090406830738324 0.017076845806127575 0.012054244098442994 0.014063284781516826 0.020090406830738324 0.01607232546459066
0.01858362631843295 0.022601707684580613 0.017076845806127575 0.01054746358613762 0.0155700652938222 0.014063284781516826 0.025615268709191362 0.014565544952285283 0.025615268709191362 0.01607232546459066 0.020090406830738324 0.017076845806127575 0.012054244098442994 0.014063284781516826 0.020090406830738324 0.01607232546459066 0.015067805123053743
0.022601707684580613 0.017076845806127575 0.01054746358613762 0.0155700652938222 0.014063284781516826 0.025615268709191362 0.014565544952285283 0.025615268709191362 0.01607232546459066 0.020090406830738324 0.017076845806127575 0.012054244098442994 0.014063284781516826 0.020090406830738324 0.01607232546459066 0.015067805123053743 0.01858362631843295
0.017076845806127575 0.01054746358613762 0.0155700652938222 0.014063284781516826 0.025615268709191362 0.014565544952285283 0.025615268709191362 0.01607232546459066 0.020090406830738324 0.017076845806127575 0.012054244098442994 0.014063284781516826 0.020090406830738324 0.01607232546459066 0.015067805123053743 0.01858362631843295 0.02059266700150678
0.01054746358613762 0.0155700652938222 0.014063284781516826 0.025615268709191362 0.014565544952285283 0.025615268709191362 0.01607232546459066 0.020090406830738324 0.017076845806127575 0.012054244098442994 0.014063284781516826 0.020090406830738324 0.01607232546459066 0.015067805123053743 0.01858362631843295 0.02059266700150678 0.014063284781516826
0.0155700652938222 0.014063284781516826 0.025615268709191362 0.014565544952285283 0.025615268709191362 0.01607232546459066 0.020090406830738324 0.017076845806127575 0.012054244098442994 0.014063284781516826 0.020090406830738324 0.01607232546459066 0.015067805123053743 0.01858362631843295 0.02059266700150678 0.014063284781516826 0.012054244098442994
0.014063284781516826 0.025615268709191362 0.014565544952285283 0.025615268709191362 0.01607232546459066 0.020090406830738324 0.017076845806127575 0.012054244098442994 0.014063284781516826 0.020090406830738324 0.01607232546459066 0.015067805123053743 0.01858362631843295 0.02059266700150678 0.014063284781516826 0.012054244098442994 0.019085886489201405
0.025615268709191362 0.014565544952285283 0.025615268709191362 0.01607232546459066 0.020090406830738324 0.017076845806127575 0.012054244098442994 0.014063284781516826 0.020090406830738324 0.01607232546459066 0.015067805123053743 0.01858362631843295 0.02059266700150678 0.014063284781516826 0.012054244098442994 0.019085886489201405 0.0155700652938222
0.014565544952285283 0.025615268709191362 0.01607232546459066 0.020090406830738324 0.017076845806127575 0.012054244098442994 0.014063284781516826 0.020090406830738324 0.01607232546459066 0.015067805123053743 0.01858362631843295 0.02059266700150678 0.014063284781516826 0.012054244098442994 0.019085886489201405 0.0155700652938222 0.019085886489201405
0.025615268709191362 0.01607232546459066 0.020090406830738324 0.017076845806127575 0.012054244098442994 0.014063284781516826 0.020090406830738324 0.01607232546459066 0.015067805123053743 0.01858362631843295 0.02059266700150678 0.014063284781516826 0.012054244098442994 0.019085886489201405 0.0155700652938222 0.019085886489201405 0.023103967855349072
0.01607232546459066 0.020090406830738324 0.017076845806127575 0.012054244098442994 0.014063284781516826 0.020090406830738324 0.01607232546459066 0.015067805123053743 0.01858362631843295 0.02059266700150678 0.014063284781516826 0.012054244098442994 0.019085886489201405 0.0155700652938222 0.019085886489201405 0.023103967855349072 0.023103967855349072
0.020090406830738324 0.017076845806127575 0.012054244098442994 0.014063284781516826 0.020090406830738324 0.01607232546459066 0.015067805123053743 0.01858362631843295 0.02059266700150678 0.014063284781516826 0.012054244098442994 0.019085886489201405 0.0155700652938222 0.019085886489201405 0.023103967855349072 0.023103967855349072 0.03164239075841286
0.017076845806127575 0.012054244098442994 0.014063284781516826 0.020090406830738324 0.01607232546459066 0.015067805123053743 0.01858362631843295 0.02059266700150678 0.014063284781516826 0.012054244098442994 0.019085886489201405 0.0155700652938222 0.019085886489201405 0.023103967855349072 0.023103967855349072 0.03164239075841286 0.05173279758915118
0.012054244098442994 0.014063284781516826 0.020090406830738324 0.01607232546459066 0.015067805123053743 0.01858362631843295 0.02059266700150678 0.014063284781516826 0.012054244098442994 0.019085886489201405 0.0155700652938222 0.019085886489201405 0.023103967855349072 0.023103967855349072 0.03164239075841286 0.05173279758915118 0.008538422903063787
0.014063284781516826 0.020090406830738324 0.01607232546459066 0.015067805123053743 0.01858362631843295 0.02059266700150678 0.014063284781516826 0.012054244098442994 0.019085886489201405 0.0155700652938222 0.019085886489201405 0.023103967855349072 0.023103967855349072 0.03164239075841286 0.05173279758915118 0.008538422903063787 0.013058764439979909
0.020090406830738324 0.01607232546459066 0.015067805123053743 0.01858362631843295 0.02059266700150678 0.014063284781516826 0.012054244098442994 0.019085886489201405 0.0155700652938222 0.019085886489201405 0.023103967855349072 0.023103967855349072 0.03164239075841286 0.05173279758915118 0.008538422903063787 0.013058764439979909 0.011049723756906077
0.01607232546459066 0.015067805123053743 0.01858362631843295 0.02059266700150678 0.014063284781516826 0.012054244098442994 0.019085886489201405 0.0155700652938222 0.019085886489201405 0.023103967855349072 0.023103967855349072 0.03164239075841286 0.05173279758915118 0.008538422903063787 0.013058764439979909 0.011049723756906077 0.012054244098442994
0.015067805123053743 0.01858362631843295 0.02059266700150678 0.014063284781516826 0.012054244098442994 0.019085886489201405 0.0155700652938222 0.019085886489201405 0.023103967855349072 0.023103967855349072 0.03164239075841286 0.05173279758915118 0.008538422903063787 0.013058764439979909 0.011049723756906077 0.012054244098442994 0.011551983927674536
0.01858362631843295 0.02059266700150678 0.014063284781516826 0.012054244098442994 0.019085886489201405 0.0155700652938222 0.019085886489201405 0.023103967855349072 0.023103967855349072 0.03164239075841286 0.05173279758915118 0.008538422903063787 0.013058764439979909 0.011049723756906077 0.012054244098442994 0.011551983927674536 0.014063284781516826
0.02059266700150678 0.014063284781516826 0.012054244098442994 0.019085886489201405 0.0155700652938222 0.019085886489201405 0.023103967855349072 0.023103967855349072 0.03164239075841286 0.05173279758915118 0.008538422903063787 0.013058764439979909 0.011049723756906077 0.012054244098442994 0.011551983927674536 0.014063284781516826 0.016574585635359115
0.014063284781516826 0.012054244098442994 0.019085886489201405 0.0155700652938222 0.019085886489201405 0.023103967855349072 0.023103967855349072 0.03164239075841286 0.05173279758915118 0.008538422903063787 0.013058764439979909 0.011049723756906077 0.012054244098442994 0.011551983927674536 0.014063284781516826 0.016574585635359115 0.020090406830738324
0.012054244098442994 0.019085886489201405 0.0155700652938222 0.019085886489201405 0.023103967855349072 0.023103967855349072 0.03164239075841286 0.05173279758915118 0.008538422903063787 0.013058764439979909 0.011049723756906077 0.012054244098442994 0.011551983927674536 0.014063284781516826 0.016574585635359115 0.020090406830738324 0.014063284781516826
0.019085886489201405 0.0155700652938222 0.019085886489201405 0.023103967855349072 0.023103967855349072 0.03164239075841286 0.05173279758915118 0.008538422903063787 0.013058764439979909 0.011049723756906077 0.012054244098442994 0.011551983927674536 0.014063284781516826 0.016574585635359115 0.020090406830738324 0.014063284781516826 0.009040683073832245
0.0155700652938222 0.019085886489201405 0.023103967855349072 0.023103967855349072 0.03164239075841286 0.05173279758915118 0.008538422903063787 0.013058764439979909 0.011049723756906077 0.012054244098442994 0.011551983927674536 0.014063284781516826 0.016574585635359115 0.020090406830738324 0.014063284781516826 0.009040683073832245 0.004018081366147665
0.019085886489201405 0.023103967855349072 0.023103967855349072 0.03164239075841286 0.05173279758915118 0.008538422903063787 0.013058764439979909 0.011049723756906077 0.012054244098442994 0.011551983927674536 0.014063284781516826 0.016574585635359115 0.020090406830738324 0.014063284781516826 0.009040683073832245 0.004018081366147665 0.00803616273229533
0.023103967855349072 0.023103967855349072 0.03164239075841286 0.05173279758915118 0.008538422903063787 0.013058764439979909 0.011049723756906077 0.012054244098442994 0.011551983927674536 0.014063284781516826 0.016574585635359115 0.020090406830738324 0.014063284781516826 0.009040683073832245 0.004018081366147665 0.00803616273229533 0.013561024610748368
0.023103967855349072 0.03164239075841286 0.05173279758915118 0.008538422903063787 0.013058764439979909 0.011049723756906077 0.012054244098442994 0.011551983927674536 0.014063284781516826 0.016574585635359115 0.020090406830738324 0.014063284781516826 0.009040683073832245 0.004018081366147665 0.00803616273229533 0.013561024610748368 0.00803616273229533
0.03164239075841286 0.05173279758915118 0.008538422903063787 0.013058764439979909 0.011049723756906077 0.012054244098442994 0.011551983927674536 0.014063284781516826 0.016574585635359115 0.020090406830738324 0.014063284781516826 0.009040683073832245 0.004018081366147665 0.00803616273229533 0.013561024610748368 0.00803616273229533 0.014565544952285283
0.05173279758915118 0.008538422903063787 0.013058764439979909 0.011049723756906077 0.012054244098442994 0.011551983927674536 0.014063284781516826 0.016574585635359115 0.020090406830738324 0.014063284781516826 0.009040683073832245 0.004018081366147665 0.00803616273229533 0.013561024610748368 0.00803616273229533 0.014565544952285283 0.017076845806127575
0.008538422903063787 0.013058764439979909 0.011049723756906077 0.012054244098442994 0.011551983927674536 0.014063284781516826 0.016574585635359115 0.020090406830738324 0.014063284781516826 0.009040683073832245 0.004018081366147665 0.00803616273229533 0.013561024610748368 0.00803616273229533 0.014565544952285283 0.017076845806127575 0.08237066800602712
0.013058764439979909 0.011049723756906077 0.012054244098442994 0.011551983927674536 0.014063284781516826 0.016574585635359115 0.020090406830738324 0.014063284781516826 0.009040683073832245 0.004018081366147665 0.00803616273229533 0.013561024610748368 0.00803616273229533 0.014565544952285283 0.017076845806127575 0.08237066800602712 0.017076845806127575
0.011049723756906077 0.012054244098442994 0.011551983927674536 0.014063284781516826 0.016574585635359115 0.020090406830738324 0.014063284781516826 0.009040683073832245 0.004018081366147665 0.00803616273229533 0.013561024610748368 0.00803616273229533 0.014565544952285283 0.017076845806127575 0.08237066800602712 0.017076845806127575 0.014565544952285283
0.012054244098442994 0.011551983927674536 0.014063284781516826 0.016574585635359115 0.020090406830738324 0.014063284781516826 0.009040683073832245 0.004018081366147665 0.00803616273229533 0.013561024610748368 0.00803616273229533 0.014565544952285283 0.017076845806127575 0.08237066800602712 0.017076845806127575 0.014565544952285283 0.009542943244600702
0.011551983927674536 0.014063284781516826 0.016574585635359115 0.020090406830738324 0.014063284781516826 0.009040683073832245 0.004018081366147665 0.00803616273229533 0.013561024610748368 0.00803616273229533 0.014565544952285283 0.017076845806127575 0.08237066800602712 0.017076845806127575 0.014565544952285283 0.009542943244600702 0.01757910597689603
0.014063284781516826 0.016574585635359115 0.020090406830738324 0.014063284781516826 0.009040683073832245 0.004018081366147665 0.00803616273229533 0.013561024610748368 0.00803616273229533 0.014565544952285283 0.017076845806127575 0.08237066800602712 0.017076845806127575 0.014565544952285283 0.009542943244600702 0.01757910597689603 0.019588146659969864
0.016574585635359115 0.020090406830738324 0.014063284781516826 0.009040683073832245 0.004018081366147665 0.00803616273229533 0.013561024610748368 0.00803616273229533 0.014565544952285283 0.017076845806127575 0.08237066800602712 0.017076845806127575 0.014565544952285283 0.009542943244600702 0.01757910597689603 0.019588146659969864 0.020090406830738324
0.020090406830738324 0.014063284781516826 0.009040683073832245 0.004018081366147665 0.00803616273229533 0.013561024610748368 0.00803616273229533 0.014565544952285283 0.017076845806127575 0.08237066800602712 0.017076845806127575 0.014565544952285283 0.009542943244600702 0.01757910597689603 0.019588146659969864 0.020090406830738324 0.014565544952285283
0.014063284781516826 0.009040683073832245 0.004018081366147665 0.00803616273229533 0.013561024610748368 0.00803616273229533 0.014565544952285283 0.017076845806127575 0.08237066800602712 0.017076845806127575 0.014565544952285283 0.009542943244600702 0.01757910597689603 0.019588146659969864 0.020090406830738324 0.014565544952285283 0.012556504269211451
0.009040683073832245 0.004018081366147665 0.00803616273229533 0.013561024610748368 0.00803616273229533 0.014565544952285283 0.017076845806127575 0.08237066800602712 0.017076845806127575 0.014565544952285283 0.009542943244600702 0.01757910597689603 0.019588146659969864 0.020090406830738324 0.014565544952285283 0.012556504269211451 0.012054244098442994
0.004018081366147665 0.00803616273229533 0.013561024610748368 0.00803616273229533 0.014565544952285283 0.017076845806127575 0.08237066800602712 0.017076845806127575 0.014565544952285283 0.009542943244600702 0.01757910597689603 0.019588146659969864 0.020090406830738324 0.014565544952285283 0.012556504269211451 0.012054244098442994 0.01808136614766449
0.00803616273229533 0.013561024610748368 0.00803616273229533 0.014565544952285283 0.017076845806127575 0.08237066800602712 0.017076845806127575 0.014565544952285283 0.009542943244600702 0.01757910597689603 0.019588146659969864 0.020090406830738324 0.014565544952285283 0.012556504269211451 0.012054244098442994 0.01808136614766449 0.053239578101456554
0.013561024610748368 0.00803616273229533 0.014565544952285283 0.017076845806127575 0.08237066800602712 0.017076845806127575 0.014565544952285283 0.009542943244600702 0.01757910597689603 0.019588146659969864 0.020090406830738324 0.014565544952285283 0.012556504269211451 0.012054244098442994 0.01808136614766449 0.053239578101456554 0.027122049221496736
0.00803616273229533 0.014565544952285283 0.017076845806127575 0.08237066800602712 0.017076845806127575 0.014565544952285283 0.009542943244600702 0.01757910597689603 0.019588146659969864 0.020090406830738324 0.014565544952285283 0.012556504269211451 0.012054244098442994 0.01808136614766449 0.053239578101456554 0.027122049221496736 0.02812656956303365
0.014565544952285283 0.017076845806127575 0.08237066800602712 0.017076845806127575 0.014565544952285283 0.009542943244600702 0.01757910597689603 0.019588146659969864 0.020090406830738324 0.014565544952285283 0.012556504269211451 0.012054244098442994 0.01808136614766449 0.053239578101456554 0.027122049221496736 0.02812656956303365 0.008538422903063787
0.017076845806127575 0.08237066800602712 0.017076845806127575 0.014565544952285283 0.009542943244600702 0.01757910597689603 0.019588146659969864 0.020090406830738324 0.014565544952285283 0.012556504269211451 0.012054244098442994 0.01808136614766449 0.053239578101456554 0.027122049221496736 0.02812656956303365 0.008538422903063787 0.010045203415369162
0.08237066800602712 0.017076845806127575 0.014565544952285283 0.009542943244600702 0.01757910597689603 0.019588146659969864 0.020090406830738324 0.014565544952285283 0.012556504269211451 0.012054244098442994 0.01808136614766449 0.053239578101456554 0.027122049221496736 0.02812656956303365 0.008538422903063787 0.010045203415369162 0.012556504269211451
0.017076845806127575 0.014565544952285283 0.009542943244600702 0.01757910597689603 0.019588146659969864 0.020090406830738324 0.014565544952285283 0.012556504269211451 0.012054244098442994 0.01808136614766449 0.053239578101456554 0.027122049221496736 0.02812656956303365 0.008538422903063787 0.010045203415369162 0.012556504269211451 0.01757910597689603
0.014565544952285283 0.009542943244600702 0.01757910597689603 0.019588146659969864 0.020090406830738324 0.014565544952285283 0.012556504269211451 0.012054244098442994 0.01808136614766449 0.053239578101456554 0.027122049221496736 0.02812656956303365 0.008538422903063787 0.010045203415369162 0.012556504269211451 0.01757910597689603 0.010045203415369162
0.009542943244600702 0.01757910597689603 0.019588146659969864 0.020090406830738324 0.014565544952285283 0.012556504269211451 0.012054244098442994 0.01808136614766449 0.053239578101456554 0.027122049221496736 0.02812656956303365 0.008538422903063787 0.010045203415369162 0.012556504269211451 0.01757910597689603 0.010045203415369162 0.014565544952285283
0.01757910597689603 0.019588146659969864 0.020090406830738324 0.014565544952285283 0.012556504269211451 0.012054244098442994 0.01808136614766449 0.053239578101456554 0.027122049221496736 0.02812656956303365 0.008538422903063787 0.010045203415369162 0.012556504269211451 0.01757910597689603 0.010045203415369162 0.014565544952285283 0.014565544952285283
0.019588146659969864 0.020090406830738324 0.014565544952285283 0.012556504269211451 0.012054244098442994 0.01808136614766449 0.053239578101456554 0.027122049221496736 0.02812656956303365 0.008538422903063787 0.010045203415369162 0.012556504269211451 0.01757910597689603 0.010045203415369162 0.014565544952285283 0.014565544952285283 0.009542943244600702
0.020090406830738324 0.014565544952285283 0.012556504269211451 0.012054244098442994 0.01808136614766449 0.053239578101456554 0.027122049221496736 0.02812656956303365 0.008538422903063787 0.010045203415369162 0.012556504269211451 0.01757910597689603 0.010045203415369162 0.014565544952285283 0.014565544952285283 0.009542943244600702 0.010045203415369162
0.014565544952285283 0.012556504269211451 0.012054244098442994 0.01808136614766449 0.053239578101456554 0.027122049221496736 0.02812656956303365 0.008538422903063787 0.010045203415369162 0.012556504269211451 0.01757910597689603 0.010045203415369162 0.014565544952285283 0.014565544952285283 0.009542943244600702 0.010045203415369162 0.009040683073832245
0.012556504269211451 0.012054244098442994 0.01808136614766449 0.053239578101456554 0.027122049221496736 0.02812656956303365 0.008538422903063787 0.010045203415369162 0.012556504269211451 0.01757910597689603 0.010045203415369162 0.014565544952285283 0.014565544952285283 0.009542943244600702 0.010045203415369162 0.009040683073832245 0.013058764439979909
0.012054244098442994 0.01808136614766449 0.053239578101456554 0.027122049221496736 0.02812656956303365 0.008538422903063787 0.010045203415369162 0.012556504269211451 0.01757910597689603 0.010045203415369162 0.014565544952285283 0.014565544952285283 0.009542943244600702 0.010045203415369162 0.009040683073832245 0.013058764439979909 0.009040683073832245
0.01808136614766449 0.053239578101456554 0.027122049221496736 0.02812656956303365 0.008538422903063787 0.010045203415369162 0.012556504269211451 0.01757910597689603 0.010045203415369162 0.014565544952285283 0.014565544952285283 0.009542943244600702 0.010045203415369162 0.009040683073832245 0.013058764439979909 0.009040683073832245 0.01054746358613762
0.053239578101456554 0.027122049221496736 0.02812656956303365 0.008538422903063787 0.010045203415369162 0.012556504269211451 0.01757910597689603 0.010045203415369162 0.014565544952285283 0.014565544952285283 0.009542943244600702 0.010045203415369162 0.009040683073832245 0.013058764439979909 0.009040683073832245 0.01054746358613762 0.009542943244600702
0.027122049221496736 0.02812656956303365 0.008538422903063787 0.010045203415369162 0.012556504269211451 0.01757910597689603 0.010045203415369162 0.014565544952285283 0.014565544952285283 0.009542943244600702 0.010045203415369162 0.009040683073832245 0.013058764439979909 0.009040683073832245 0.01054746358613762 0.009542943244600702 0.00803616273229533
0.02812656956303365 0.008538422903063787 0.010045203415369162 0.012556504269211451 0.01757910597689603 0.010045203415369162 0.014565544952285283 0.014565544952285283 0.009542943244600702 0.010045203415369162 0.009040683073832245 0.013058764439979909 0.009040683073832245 0.01054746358613762 0.009542943244600702 0.00803616273229533 0.010045203415369162
0.008538422903063787 0.010045203415369162 0.012556504269211451 0.01757910597689603 0.010045203415369162 0.014565544952285283 0.014565544952285283 0.009542943244600702 0.010045203415369162 0.009040683073832245 0.013058764439979909 0.009040683073832245 0.01054746358613762 0.009542943244600702 0.00803616273229533 0.010045203415369162 0.019085886489201405
0.010045203415369162 0.012556504269211451 0.01757910597689603 0.010045203415369162 0.014565544952285283 0.014565544952285283 0.009542943244600702 0.010045203415369162 0.009040683073832245 0.013058764439979909 0.009040683073832245 0.01054746358613762 0.009542943244600702 0.00803616273229533 0.010045203415369162 0.019085886489201405 0.0155700652938222
0.012556504269211451 0.01757910597689603 0.010045203415369162 0.014565544952285283 0.014565544952285283 0.009542943244600702 0.010045203415369162 0.009040683073832245 0.013058764439979909 0.009040683073832245 0.01054746358613762 0.009542943244600702 0.00803616273229533 0.010045203415369162 0.019085886489201405 0.0155700652938222 0.012054244098442994
0.01757910597689603 0.010045203415369162 0.014565544952285283 0.014565544952285283 0.009542943244600702 0.010045203415369162 0.009040683073832245 0.013058764439979909 0.009040683073832245 0.01054746358613762 0.009542943244600702 0.00803616273229533 0.010045203415369162 0.019085886489201405 0.0155700652938222 0.012054244098442994 0.014565544952285283
0.010045203415369162 0.014565544952285283 0.014565544952285283 0.009542943244600702 0.010045203415369162 0.009040683073832245 0.013058764439979909 0.009040683073832245 0.01054746358613762 0.009542943244600702 0.00803616273229533 0.010045203415369162 0.019085886489201405 0.0155700652938222 0.012054244098442994 0.014565544952285283 0.009040683073832245
0.014565544952285283 0.014565544952285283 0.009542943244600702 0.010045203415369162 0.009040683073832245 0.013058764439979909 0.009040683073832245 0.01054746358613762 0.009542943244600702 0.00803616273229533 0.010045203415369162 0.019085886489201405 0.0155700652938222 0.012054244098442994 0.014565544952285283 0.009040683073832245 0.0155700652938222
0.014565544952285283 0.009542943244600702 0.010045203415369162 0.009040683073832245 0.013058764439979909 0.009040683073832245 0.01054746358613762 0.009542943244600702 0.00803616273229533 0.010045203415369162 0.019085886489201405 0.0155700652938222 0.012054244098442994 0.014565544952285283 0.009040683073832245 0.0155700652938222 0.008538422903063787
0.009542943244600702 0.010045203415369162 0.009040683073832245 0.013058764439979909 0.009040683073832245 0.01054746358613762 0.009542943244600702 0.00803616273229533 0.010045203415369162 0.019085886489201405 0.0155700652938222 0.012054244098442994 0.014565544952285283 0.009040683073832245 0.0155700652938222 0.008538422903063787 0.015067805123053743
0.010045203415369162 0.009040683073832245 0.013058764439979909 0.009040683073832245 0.01054746358613762 0.009542943244600702 0.00803616273229533 0.010045203415369162 0.019085886489201405 0.0155700652938222 0.012054244098442994 0.014565544952285283 0.009040683073832245 0.0155700652938222 0.008538422903063787 0.015067805123053743 0.011049723756906077
0.009040683073832245 0.013058764439979909 0.009040683073832245 0.01054746358613762 0.009542943244600702 0.00803616273229533 0.010045203415369162 0.019085886489201405 0.0155700652938222 0.012054244098442994 0.014565544952285283 0.009040683073832245 0.0155700652938222 0.008538422903063787 0.015067805123053743 0.011049723756906077 0.012556504269211451
0.013058764439979909 0.009040683073832245 0.01054746358613762 0.009542943244600702 0.00803616273229533 0.010045203415369162 0.019085886489201405 0.0155700652938222 0.012054244098442994 0.014565544952285283 0.009040683073832245 0.0155700652938222 0.008538422903063787 0.015067805123053743 0.011049723756906077 0.012556504269211451 0.014565544952285283